==> PTT_g_target1_protocol1.txt <==
12.0, -0.1053936, 0.34807065, -0.03994139, 0.25606716, -0.08131484, 0.05237005, 0.0948544, 0.048737157, 0.0053836806

==> PTT_g_target1_protocol2.txt <==
12.0, -0.10497207, 0.3468085, -0.03973682, 0.25519562, -0.08095732, 0.052269414, 0.09459684, 0.04867697, 0.0054527037

==> PTT_g_target1_protocol3.txt <==
12.0, -0.10492027, 0.3466535, -0.039711695, 0.25508857, -0.08091339, 0.052257046, 0.09456517, 0.048669577, 0.005461189

==> PTT_g_target1_protocol4.txt <==
12.0, -0.105331145, 0.34788364, -0.0399111, 0.255938, -0.081261896, 0.05235514, 0.09481625, 0.04872824, 0.005393903

==> PTT_g_target2_protocol1.txt <==
12.0, -0.1053936, 0.34807065, -0.03994139, 0.25606716, -0.08131484, 0.05237005, 0.0948544, 0.048737157, 0.0053836806

==> PTT_g_target2_protocol2.txt <==
12.0, -0.10497207, 0.3468085, -0.03973682, 0.25519562, -0.08095732, 0.052269414, 0.09459684, 0.04867697, 0.0054527037

==> PTT_g_target2_protocol3.txt <==
12.0, -0.10492027, 0.3466535, -0.039711695, 0.25508857, -0.08091339, 0.052257046, 0.09456517, 0.048669577, 0.005461189

==> PTT_g_target2_protocol4.txt <==
12.0, -0.105331145, 0.34788364, -0.0399111, 0.255938, -0.081261896, 0.05235514, 0.09481625, 0.04872824, 0.005393903

==> PTT_g_target3_protocol1.txt <==
12.0, -0.1053936, 0.34807065, -0.03994139, 0.25606716, -0.08131484, 0.05237005, 0.0948544, 0.048737157, 0.0053836806

==> PTT_g_target3_protocol2.txt <==
12.0, -0.10497207, 0.3468085, -0.03973682, 0.25519562, -0.08095732, 0.052269414, 0.09459684, 0.04867697, 0.0054527037

==> PTT_g_target3_protocol3.txt <==
12.0, -0.10492027, 0.3466535, -0.039711695, 0.25508857, -0.08091339, 0.052257046, 0.09456517, 0.048669577, 0.005461189

==> PTT_g_target3_protocol4.txt <==
12.0, -0.105331145, 0.34788364, -0.0399111, 0.255938, -0.081261896, 0.05235514, 0.09481625, 0.04872824, 0.005393903

==> PTT_g_target4_protocol1.txt <==
12.0, -0.1053936, 0.34807065, -0.03994139, 0.25606716, -0.08131484, 0.05237005, 0.0948544, 0.048737157, 0.0053836806

==> PTT_g_target4_protocol2.txt <==
12.0, -0.10497207, 0.3468085, -0.03973682, 0.25519562, -0.08095732, 0.052269414, 0.09459684, 0.04867697, 0.0054527037

==> PTT_g_target4_protocol3.txt <==
12.0, -0.10492027, 0.3466535, -0.039711695, 0.25508857, -0.08091339, 0.052257046, 0.09456517, 0.048669577, 0.005461189

==> PTT_g_target4_protocol4.txt <==
12.0, -0.105331145, 0.34788364, -0.0399111, 0.255938, -0.081261896, 0.05235514, 0.09481625, 0.04872824, 0.005393903
